131.5,59.5,1582342632613
131.5,59.0,1582342633127
131.0,57.0,1582342633641
132.0,57.0,1582342634153
132.0,55.0,1582342634667
130.5,52.5,1582342635180
129.5,51.5,1582342635693
128.0,51.0,1582342636206
129.5,50.5,1582342636717
130.5,51.5,1582342637232
131.5,52.0,1582342637745
132.5,52.0,1582342638258
132.0,52.5,1582342638772
132.5,53.0,1582342639286
132.0,52.5,1582342639798
131.5,53.5,1582342640312
132.0,54.0,1582342640827
133.0,54.0,1582342641340
133.0,54.0,1582342641877
133.0,55.0,1582342642394
133.0,55.0,1582342642909
133.5,57.0,1582342643421
132.5,57.5,1582342643933
133.0,58.0,1582342644447
133.0,58.5,1582342644958
133.5,60.0,1582342645469
134.0,59.5,1582342645980
133.0,58.5,1582342646493
134.0,59.5,1582342647004
134.0,59.5,1582342647514
133.5,59.5,1582342648026
133.0,58.5,1582342648539
133.0,58.5,1582342649055
133.5,59.5,1582342649566
134.5,60.0,1582342650078
133.5,58.5,1582342650593
134.5,58.0,1582342651107
134.0,58.0,1582342651619
134.0,58.0,1582342652130
135.0,59.0,1582342652642
135.5,58.5,1582342653157
135.5,59.0,1582342653670
135.5,58.5,1582342654182
134.0,58.0,1582342654695
134.5,58.5,1582342655207
135.0,60.5,1582342655719
136.5,62.0,1582342656230
131.5,59.5,1582414531185
131.5,59.0,1582414531699
131.0,57.0,1582414532210
132.0,57.0,1582414532725
132.0,55.0,1582414533239
130.5,52.5,1582414533754
129.5,51.5,1582414534270
128.0,51.0,1582414534785
129.5,50.5,1582414535299
130.5,51.5,1582414535812
131.5,52.0,1582414536328
132.5,52.0,1582414536842
132.0,52.5,1582414537357
132.5,53.0,1582414537871
132.0,52.5,1582414538391
131.5,53.5,1582414538906
132.0,54.0,1582414539416
133.0,54.0,1582414539932
133.0,54.0,1582414540443
133.0,55.0,1582414540967
133.0,55.0,1582414541480
133.5,57.0,1582414541991
132.5,57.5,1582414542502
133.0,58.0,1582414543016
133.0,58.5,1582414543530
133.5,60.0,1582414544050
134.0,59.5,1582414544560
133.0,58.5,1582414545074
134.0,59.5,1582414545591
134.0,59.5,1582414546101
133.5,59.5,1582414546619
133.0,58.5,1582414547134
133.0,58.5,1582414547647
133.5,59.5,1582414548159
134.5,60.0,1582414548674
133.5,58.5,1582414549188
134.5,58.0,1582414549712
134.0,58.0,1582414550226
134.0,58.0,1582414550740
135.0,59.0,1582414551254
135.5,58.5,1582414551775
135.5,59.0,1582414552289
135.5,58.5,1582414552803
134.0,58.0,1582414553317
134.5,58.5,1582414553827
135.0,60.5,1582414554342
136.5,62.0,1582414554856
136.0,61.0,1582414555370
135.5,60.5,1582414555885
136.0,60.0,1582414556399
135.0,59.5,1582414556914
134.5,59.0,1582414557432
134.0,60.0,1582414557945
134.0,61.5,1582414558455
134.0,62.0,1582414558968
134.5,61.0,1582414559481
133.5,60.0,1582414559994
134.0,61.0,1582414560505
133.5,60.0,1582414561021
134.5,60.0,1582414561544
134.0,60.0,1582414562057
133.0,60.0,1582414562571
134.5,60.0,1582414563089
134.5,59.5,1582414563603
135.0,60.0,1582414564118
134.0,59.5,1582414564629
134.0,60.0,1582414565143
134.5,59.0,1582414565659
134.5,59.5,1582414566173
135.0,59.5,1582414566695
134.5,59.0,1582414567209
134.5,59.5,1582414567723
134.5,59.0,1582414568234
134.5,59.0,1582414568757
134.0,59.0,1582414569270
134.0,59.5,1582414569786
134.5,59.0,1582414570299
135.0,59.5,1582414570822
134.0,58.0,1582414571336
133.5,57.5,1582414571849
134.0,57.5,1582414572364
133.5,57.0,1582414572879
134.0,57.5,1582414573394
133.5,57.5,1582414573908
133.5,58.0,1582414574419
134.5,59.0,1582414574934
135.0,59.0,1582414575443
135.0,59.0,1582414575957
135.0,59.0,1582414576469
134.0,59.0,1582414576983
134.0,59.0,1582414577496
133.5,59.0,1582414578010
134.0,58.0,1582414578522
134.5,58.0,1582414579031
134.0,58.0,1582414579547
133.5,58.0,1582414580061
134.0,58.5,1582414580577
134.5,59.0,1582414581093
134.5,58.5,1582414581615
134.5,58.5,1582414582129
135.0,58.5,1582414582652
135.0,58.5,1582414583166
134.5,59.0,1582414583678
133.5,58.5,1582414584193
134.5,59.0,1582414584709
134.0,58.0,1582414585224
134.0,57.0,1582414585737
133.5,57.5,1582414586247
134.5,59.0,1582414586758
136.5,62.0,1582414587272
136.5,61.5,1582414587782
136.0,60.5,1582414588298
134.0,58.5,1582414588813
134.0,58.0,1582414589328
134.0,58.0,1582414589849
134.0,58.0,1582414590366
133.5,58.0,1582414590882
134.0,58.5,1582414591395
134.5,58.0,1582414591913
135.0,58.0,1582414592427
136.0,58.0,1582414592937
135.5,57.5,1582414593447
135.5,57.0,1582414593957
136.5,57.0,1582414594468
136.0,57.0,1582414594979
137.5,57.5,1582414595489
137.0,57.0,1582414596002
137.5,57.0,1582414596517
137.5,57.5,1582414597032
137.0,57.0,1582414597550
137.5,57.5,1582414598066
137.5,58.0,1582414598580
137.0,58.0,1582414599095
137.0,58.0,1582414599612
137.0,57.0,1582414600128
137.0,57.5,1582414600639
137.5,57.5,1582414601160
138.0,58.0,1582414601675
137.5,58.0,1582414602186
137.5,57.0,1582414602701
137.5,57.5,1582414603224
137.5,57.5,1582414603739
137.5,57.5,1582414604250
137.5,57.5,1582414604764
137.5,57.0,1582414605279
137.0,57.5,1582414605791
137.0,57.5,1582414606306
136.0,58.0,1582414606819
136.0,58.0,1582414607342
135.5,58.0,1582414607856
135.5,58.5,1582414608372
135.5,58.0,1582414608886
134.5,58.0,1582414609402
134.5,58.0,1582414609914
134.5,59.0,1582414610425
136.0,61.0,1582414610941
136.5,60.5,1582414611452
136.0,59.5,1582414611975
136.0,58.5,1582414612489
136.0,58.5,1582414613005
136.5,58.0,1582414613520
137.0,58.5,1582414614035
137.0,58.0,1582414614549
136.5,57.5,1582414615061
137.0,59.0,1582414615574
137.0,58.5,1582414616089
137.0,58.0,1582414616605
137.0,58.5,1582414617115
137.0,58.5,1582414617631
136.5,57.5,1582414618146
137.0,59.0,1582414618662
136.5,58.5,1582414619172
136.5,57.5,1582414619688
136.0,57.5,1582414620203
135.0,57.5,1582414620718
135.0,57.5,1582414621238
136.5,58.0,1582414621757
137.0,58.5,1582414622278
137.0,59.5,1582414622792
139.0,61.0,1582414623306
139.0,61.5,1582414623821
139.0,60.5,1582414624334
138.0,60.0,1582414624849
139.0,60.0,1582414625363
138.0,59.0,1582414625877
137.5,58.5,1582414626391
138.0,58.0,1582414626906
137.5,57.0,1582414627417
137.5,57.0,1582414627940
138.0,57.5,1582414628450
138.0,57.0,1582414628961
139.0,57.0,1582414629471
138.5,57.5,1582414629985
138.5,57.0,1582414630498
138.0,57.0,1582414631010
138.5,57.5,1582414631524
138.5,57.5,1582414632036
138.0,57.5,1582414632550
138.0,57.5,1582414633064
138.0,57.0,1582414633578
138.0,57.5,1582414634093
139.0,58.0,1582414634607
138.5,57.5,1582414635122
139.0,57.0,1582414635636
139.0,57.5,1582414636156
139.0,57.5,1582414636670
139.0,57.5,1582414637184
138.5,58.0,1582414637699
138.5,58.5,1582414638210
137.5,57.0,1582414638725
137.5,57.5,1582414639240
137.0,57.5,1582414639754
137.5,57.5,1582414640265
138.0,58.0,1582414640778
138.0,57.5,1582414641313
138.5,57.5,1582414641832
138.0,58.0,1582414642348
137.5,57.5,1582414642862
137.5,58.0,1582414643376
137.0,58.5,1582414643892
137.0,58.5,1582414644406
137.0,59.0,1582414644920
137.5,59.5,1582414645432
138.0,58.5,1582414645944
139.0,59.5,1582414646455
139.5,59.5,1582414646969
131.5,59.5,1582414531185
131.5,59.0,1582414531699
131.0,57.0,1582414532210
132.0,57.0,1582414532725
132.0,55.0,1582414533239
130.5,52.5,1582414533754
129.5,51.5,1582414534270
128.0,51.0,1582414534785
129.5,50.5,1582414535299
130.5,51.5,1582414535812
131.5,52.0,1582414536328
132.5,52.0,1582414536842
132.0,52.5,1582414537357
132.5,53.0,1582414537871
132.0,52.5,1582414538391
131.5,53.5,1582414538906
132.0,54.0,1582414539416
131.5,59.5,1582414757631
131.5,59.0,1582414757710
131.0,57.0,1582414757770
132.0,57.0,1582414757834
132.0,55.0,1582414757903
130.5,52.5,1582414757970
129.5,51.5,1582414758044
128.0,51.0,1582414758106
129.5,50.5,1582414758167
130.5,51.5,1582414758235
131.5,52.0,1582414758305
132.5,52.0,1582414758372
132.0,52.5,1582414758434
132.5,53.0,1582414758496
132.0,52.5,1582414758565
131.5,53.5,1582414758632
132.0,54.0,1582414758692
133.0,54.0,1582414758755
133.0,54.0,1582414758826
133.0,55.0,1582414758898
133.0,55.0,1582414758961
133.5,57.0,1582414759031
132.5,57.5,1582414759109
133.0,58.0,1582414759179
133.0,58.5,1582414759247
133.5,60.0,1582414759308
134.0,59.5,1582414759368
133.0,58.5,1582414759430
134.0,59.5,1582414759497
134.0,59.5,1582414759563
133.5,59.5,1582414759636
133.0,58.5,1582414759699
133.0,58.5,1582414759764
133.5,59.5,1582414759838
134.5,60.0,1582414759913
133.5,58.5,1582414759979
134.5,58.0,1582414760046
134.0,58.0,1582414760122
134.0,58.0,1582414760191
135.0,59.0,1582414760261
135.5,58.5,1582414760335
135.5,59.0,1582414760415
135.5,58.5,1582414760479
134.0,58.0,1582414760564
134.5,58.5,1582414760639
135.0,60.5,1582414760727
136.5,62.0,1582414760793
136.0,61.0,1582414760859
135.5,60.5,1582414760937
136.0,60.0,1582414761003
135.0,59.5,1582414761078
134.5,59.0,1582414761158
134.0,60.0,1582414761242
134.0,61.5,1582414761318
134.0,62.0,1582414761402
134.5,61.0,1582414761463
133.5,60.0,1582414761526
134.0,61.0,1582414761609
133.5,60.0,1582414761680
134.5,60.0,1582414761767
134.0,60.0,1582414761840
133.0,60.0,1582414761915
134.5,60.0,1582414761986
134.5,59.5,1582414762051
135.0,60.0,1582414762124
134.0,59.5,1582414762203
134.0,60.0,1582414762270
134.5,59.0,1582414762346
134.5,59.5,1582414762428
135.0,59.5,1582414762488
134.5,59.0,1582414762553
134.5,59.5,1582414762631
134.5,59.0,1582414762705
134.5,59.0,1582414762777
134.0,59.0,1582414762844
134.0,59.5,1582414762929
134.5,59.0,1582414763005
135.0,59.5,1582414763073
134.0,58.0,1582414763148
133.5,57.5,1582414763214
134.0,57.5,1582414763280
133.5,57.0,1582414763357
134.0,57.5,1582414763422
133.5,57.5,1582414763483
133.5,58.0,1582414763552
134.5,59.0,1582414763629
135.0,59.0,1582414763697
135.0,59.0,1582414763764
135.0,59.0,1582414763843
134.0,59.0,1582414763930
134.0,59.0,1582414764018
133.5,59.0,1582414764087
134.0,58.0,1582414764156
134.5,58.0,1582414764223
134.0,58.0,1582414764294
133.5,58.0,1582414764371
134.0,58.5,1582414764434
134.5,59.0,1582414764494
134.5,58.5,1582414764556
134.5,58.5,1582414764621
135.0,58.5,1582414764703
135.0,58.5,1582414764770
134.5,59.0,1582414764847
133.5,58.5,1582414764923
134.5,59.0,1582414765003
134.0,58.0,1582414765064
134.0,57.0,1582414765129
133.5,57.5,1582414765202
134.5,59.0,1582414765271
136.5,62.0,1582414765335
136.5,61.5,1582414765409
136.0,60.5,1582414765472
134.0,58.5,1582414765553
134.0,58.0,1582414765626
134.0,58.0,1582414765708
134.0,58.0,1582414765773
133.5,58.0,1582414765862
134.0,58.5,1582414765954
134.5,58.0,1582414766049
135.0,58.0,1582414766127
136.0,58.0,1582414766220
135.5,57.5,1582414766305
135.5,57.0,1582414766378
136.5,57.0,1582414766442
136.0,57.0,1582414766503
137.5,57.5,1582414766566
137.0,57.0,1582414766628
137.5,57.0,1582414766687
137.5,57.5,1582414766748
137.0,57.0,1582414766810
137.5,57.5,1582414766872
137.5,58.0,1582414766939
137.0,58.0,1582414767007
137.0,58.0,1582414767071
137.0,57.0,1582414767136
137.0,57.5,1582414767201
137.5,57.5,1582414767268
138.0,58.0,1582414767334
137.5,58.0,1582414767406
137.5,57.0,1582414767466
137.5,57.5,1582414767526
137.5,57.5,1582414767590
137.5,57.5,1582414767650
137.5,57.5,1582414767717
137.5,57.0,1582414767785
137.0,57.5,1582414767857
137.0,57.5,1582414767933
136.0,58.0,1582414768004
136.0,58.0,1582414768077
135.5,58.0,1582414768160
135.5,58.5,1582414768232
135.5,58.0,1582414768305
134.5,58.0,1582414768390
134.5,58.0,1582414768454
134.5,59.0,1582414768521
136.0,61.0,1582414768588
136.5,60.5,1582414768655
136.0,59.5,1582414768721
136.0,58.5,1582414768789
136.0,58.5,1582414768859
136.5,58.0,1582414768936
137.0,58.5,1582414768997
137.0,58.0,1582414769068
136.5,57.5,1582414769148
137.0,59.0,1582414769219
137.0,58.5,1582414769287
137.0,58.0,1582414769364
137.0,58.5,1582414769430
137.0,58.5,1582414769491
136.5,57.5,1582414769551
137.0,59.0,1582414769617
136.5,58.5,1582414769685
136.5,57.5,1582414769750
136.0,57.5,1582414769809
135.0,57.5,1582414769875
135.0,57.5,1582414769952
136.5,58.0,1582414770021
137.0,58.5,1582414770098
137.0,59.5,1582414770164
139.0,61.0,1582414770224
139.0,61.5,1582414770291
139.0,60.5,1582414770369
138.0,60.0,1582414770430
139.0,60.0,1582414770492
138.0,59.0,1582414770562
137.5,58.5,1582414770633
138.0,58.0,1582414770709
137.5,57.0,1582414770775
137.5,57.0,1582414770842
138.0,57.5,1582414770911
138.0,57.0,1582414770980
139.0,57.0,1582414771059
138.5,57.5,1582414771129
138.5,57.0,1582414771210
138.0,57.0,1582414771278
138.5,57.5,1582414771348
138.5,57.5,1582414771433
138.0,57.5,1582414771493
138.0,57.5,1582414771557
138.0,57.0,1582414771636
138.0,57.5,1582414771710
139.0,58.0,1582414771790
138.5,57.5,1582414771870
139.0,57.0,1582414771940
139.0,57.5,1582414772005
139.0,57.5,1582414772073
139.0,57.5,1582414772145
138.5,58.0,1582414772206
138.5,58.5,1582414772268
137.5,57.0,1582414772332
137.5,57.5,1582414772407
137.0,57.5,1582414772468
137.5,57.5,1582414772531
138.0,58.0,1582414772600
138.0,57.5,1582414772661
138.5,57.5,1582414772733
138.0,58.0,1582414772809
137.5,57.5,1582414772875
137.5,58.0,1582414772953
137.0,58.5,1582414773019
137.0,58.5,1582414773083
137.0,59.0,1582414773162
137.5,59.5,1582414773233
138.0,58.5,1582414773305
139.0,59.5,1582414773387
139.5,59.5,1582414773447
139.0,59.5,1582414773512
139.0,59.5,1582414773585
141.0,59.0,1582414773657
142.0,58.0,1582414773740
142.5,58.5,1582414773819
142.5,57.5,1582414773918
140.0,58.0,1582414774013
139.0,57.5,1582414774106
137.5,57.5,1582414774174
138.0,57.0,1582414774235
139.0,57.0,1582414774296
139.5,57.0,1582414774363
138.0,57.0,1582414774430
137.5,58.0,1582414774491
136.5,58.0,1582414774555
137.0,58.5,1582414774628
135.0,59.5,1582414774702
136.0,59.5,1582414774776
135.5,59.5,1582414774842
136.5,60.0,1582414774920
136.0,59.5,1582414774996
135.5,60.0,1582414775081
134.5,59.5,1582414775171
134.5,59.0,1582414775255
134.5,59.5,1582414775329
134.0,59.0,1582414775407
133.5,59.0,1582414775485
134.0,59.0,1582414775572
134.0,58.5,1582414775655
133.0,58.5,1582414775746
132.0,58.0,1582414775833
131.5,58.0,1582414775928
133.5,61.5,1582414776019
134.5,62.5,1582414776111
134.0,60.5,1582414776199
133.5,60.0,1582414776288
132.0,58.5,1582414776378
132.0,58.0,1582414776443
132.5,58.0,1582414776524
131.5,57.5,1582414776595
131.5,57.5,1582414776681
132.0,57.5,1582414776776
131.5,56.5,1582414776851
132.0,56.5,1582414776946
131.0,56.5,1582414777041
130.0,55.5,1582414777134
130.5,56.0,1582414777195
130.5,56.0,1582414777256
130.5,55.5,1582414777317
130.0,55.5,1582414777387
130.5,55.5,1582414777448
129.5,55.5,1582414777513
128.0,56.0,1582414777578
128.5,57.0,1582414777637
128.0,56.5,1582414777700
129.5,57.5,1582414777764
129.5,57.5,1582414777830
129.5,58.0,1582414777894
128.5,58.0,1582414777962
128.0,56.0,1582414778025
128.0,56.0,1582414778092
127.5,57.0,1582414778156
127.0,56.0,1582414778223
126.5,56.0,1582414778288
127.0,56.5,1582414778356
128.5,56.0,1582414778425
129.0,56.0,1582414778487
129.5,56.5,1582414778548
129.0,57.0,1582414778610
129.0,57.0,1582414778671
128.5,57.0,1582414778739
128.5,56.5,1582414778806
129.5,57.0,1582414778871
129.5,56.5,1582414778935
128.5,55.5,1582414779002
128.5,55.5,1582414779068
128.0,56.0,1582414779133
128.5,56.0,1582414779195
128.5,56.5,1582414779254
127.0,57.0,1582414779315
127.0,58.5,1582414779376
127.0,58.0,1582414779436
127.5,58.0,1582414779500
128.5,58.0,1582414779573
128.5,59.0,1582414779640
127.5,59.5,1582414779713
125.5,59.5,1582414779777
124.5,60.0,1582414779846
124.5,59.5,1582414779929
125.0,59.5,1582414779997
125.5,59.0,1582414780072
126.5,60.0,1582414780145
126.5,60.5,1582414780221
125.5,60.0,1582414780289
126.5,60.0,1582414780358
126.5,59.5,1582414780444
126.5,60.0,1582414780506
127.0,60.5,1582414780569
126.5,59.5,1582414780646
126.0,59.0,1582414780719
125.0,59.0,1582414780808
124.5,59.0,1582414780874
125.0,59.5,1582414780945
126.0,59.0,1582414781028
127.0,59.0,1582414781103
126.0,58.5,1582414781174
125.5,59.0,1582414781235
125.0,59.5,1582414781296
125.5,60.0,1582414781358
125.0,60.0,1582414781423
124.5,60.5,1582414781483
124.5,60.5,1582414781549
125.5,60.0,1582414781623
125.5,60.0,1582414781683
126.0,60.5,1582414781750
127.5,61.5,1582414781828
128.5,61.5,1582414781895
127.5,61.0,1582414781961
127.0,62.0,1582414782025
126.5,61.5,1582414782094
128.0,63.5,1582414782173
129.5,64.5,1582414782234
129.5,63.5,1582414782294
129.5,63.0,1582414782354
128.0,61.5,1582414782415
128.0,61.5,1582414782474
127.5,62.0,1582414782535
127.0,62.5,1582414782599
128.0,63.0,1582414782665
129.5,64.0,1582414782730
129.0,62.5,1582414782795
128.0,62.0,1582414782861
127.0,61.5,1582414782925
126.0,61.5,1582414782992
126.0,61.5,1582414783056
126.5,62.0,1582414783119
139.5,117.0,1582414783120
126.5,61.5,1582414783179
127.0,61.0,1582414783238
140.0,118.5,1582414783239
127.5,61.0,1582414783300
126.5,60.0,1582414783362
126.5,59.5,1582414783424
126.0,59.0,1582414783485
125.0,58.5,1582414783547
125.5,58.5,1582414783609
126.5,59.5,1582414783678
127.0,59.5,1582414783758
127.5,60.0,1582414783827
127.0,59.5,1582414783894
127.0,59.5,1582414783967
128.0,59.5,1582414784029
129.0,60.0,1582414784102
127.5,59.5,1582414784168
127.0,59.0,1582414784234
127.5,59.5,1582414784298
128.0,59.5,1582414784362
127.5,60.0,1582414784426
127.5,60.0,1582414784490
126.5,60.0,1582414784553
127.0,60.5,1582414784623
127.5,60.0,1582414784695
127.5,59.5,1582414784774
127.5,60.5,1582414784847
127.5,60.0,1582414784915
127.5,59.5,1582414784998
128.5,60.5,1582414785067
128.0,60.0,1582414785154
126.5,59.5,1582414785236
127.0,59.5,1582414785315
128.0,60.5,1582414785383
128.0,60.0,1582414785443
127.5,59.5,1582414785503
128.0,59.5,1582414785564
128.5,62.0,1582414785630
129.0,63.0,1582414785694
129.0,63.0,1582414785754
129.0,62.5,1582414785815
129.0,62.5,1582414785880
129.5,61.5,1582414785944
127.5,61.0,1582414786005
127.5,61.5,1582414786070
128.0,60.5,1582414786136
128.0,59.5,1582414786196
127.5,59.0,1582414786263
127.5,59.0,1582414786333
127.5,59.0,1582414786399
127.5,58.0,1582414786459
128.0,58.5,1582414786527
129.0,58.5,1582414786587
128.5,58.5,1582414786648
128.5,58.5,1582414786711
127.5,57.5,1582414786774
127.5,58.5,1582414786841
127.0,58.0,1582414786907
127.5,58.0,1582414786974
129.0,59.5,1582414787048
129.0,59.0,1582414787111
128.0,58.5,1582414787174
128.0,58.5,1582414787237
127.5,58.5,1582414787297
128.0,58.5,1582414787359
127.5,59.0,1582414787422
127.5,59.0,1582414787483
127.5,58.5,1582414787543
128.0,59.0,1582414787604
127.5,59.0,1582414787671
127.5,59.0,1582414787738
126.5,60.0,1582414787820
125.5,58.5,1582414787887
126.5,59.5,1582414787954
127.0,59.5,1582414788032
127.5,59.0,1582414788100
126.5,59.5,1582414788164
126.0,60.5,1582414788225
126.5,60.5,1582414788285
126.0,60.0,1582414788348
126.5,60.5,1582414788415
127.0,60.0,1582414788475
128.0,61.5,1582414788538
127.5,63.0,1582414788602
128.5,63.0,1582414788666
127.5,62.0,1582414788739
127.5,62.0,1582414788808
127.0,61.5,1582414788873
127.0,61.5,1582414788941
127.0,61.5,1582414789014
127.0,60.5,1582414789088
127.0,61.0,1582414789151
127.0,60.5,1582414789224
127.5,60.5,1582414789298
127.5,61.0,1582414789368
127.0,60.5,1582414789441
126.5,60.0,1582414789514
127.0,60.0,1582414789593
127.0,59.0,1582414789661
127.5,59.5,1582414789729
127.5,60.0,1582414789793
128.0,60.5,1582414789862
128.0,62.0,1582414789933
128.5,63.0,1582414790008
129.5,62.5,1582414790088
129.0,62.0,1582414790166
127.0,61.5,1582414790236
127.0,60.5,1582414790305
128.0,61.0,1582414790374
128.0,61.0,1582414790435
127.5,60.0,1582414790498
127.5,59.5,1582414790561
128.0,60.0,1582414790628
128.0,60.5,1582414790693
127.0,59.5,1582414790769
127.0,60.0,1582414790829
126.5,60.5,1582414790894
127.0,60.5,1582414790968
127.5,60.0,1582414791039
128.5,60.5,1582414791108
128.0,60.5,1582414791169
127.5,60.0,1582414791230
128.5,60.5,1582414791290
128.0,60.5,1582414791360
128.5,60.5,1582414791428
129.0,61.5,1582414791488
129.0,61.0,1582414791549
129.0,61.0,1582414791614
129.0,61.0,1582414791680
129.0,60.0,1582414791747
130.0,61.0,1582414791818
129.5,60.0,1582414791882
129.0,60.5,1582414791946
129.5,61.0,1582414792014
129.0,61.0,1582414792082
128.5,60.5,1582414792150
129.0,60.5,1582414792215
129.5,61.0,1582414792278
130.0,61.5,1582414792345
130.0,61.5,1582414792410
129.0,60.5,1582414792472
128.5,60.5,1582414792533
129.0,60.0,1582414792598
128.0,59.5,1582414792663
128.5,60.5,1582414792724
128.5,60.0,1582414792787
128.5,59.5,1582414792853
129.5,60.5,1582414792922
129.5,60.5,1582414792986
129.5,60.0,1582414793050
130.0,61.0,1582414793114
128.5,60.0,1582414793177
129.0,60.5,1582414793244
129.0,60.5,1582414793308
129.0,60.0,1582414793374
128.5,60.0,1582414793435
129.0,60.0,1582414793498
128.0,60.0,1582414793560
128.5,60.0,1582414793626
128.5,60.0,1582414793692
128.0,60.5,1582414793754
128.5,60.5,1582414793815
128.5,59.5,1582414793877
128.5,59.5,1582414793940
128.0,59.5,1582414794013
128.0,59.5,1582414794077
128.5,60.5,1582414794140
128.5,60.5,1582414794208
127.5,60.5,1582414794289
129.0,62.0,1582414794354
130.5,61.5,1582414794420
130.0,61.5,1582414794482
129.5,61.0,1582414794544
129.5,62.0,1582414794611
128.5,61.0,1582414794677
128.5,60.5,1582414794746
128.5,60.5,1582414794811
129.0,60.0,1582414794877
128.5,59.0,1582414794941
127.5,59.0,1582414795004
128.0,59.5,1582414795068
127.0,59.0,1582414795133
128.0,59.5,1582414795198
128.0,58.5,1582414795260
128.5,58.5,1582414795328
129.0,59.0,1582414795406
130.0,59.0,1582414795466
131.0,59.0,1582414795528
130.0,59.5,1582414795591
128.5,59.0,1582414795654
128.5,59.5,1582414795721
128.5,59.0,1582414795787
128.5,59.0,1582414795851
130.0,59.0,1582414795916
130.0,59.0,1582414795982
130.0,58.5,1582414796046
130.0,58.5,1582414796111
129.0,59.0,1582414796172
129.0,59.0,1582414796238
129.0,58.5,1582414796303
128.0,58.0,1582414796371
128.5,58.0,1582414796434
129.0,58.5,1582414796496
128.5,58.0,1582414796558
128.5,58.0,1582414796621
128.5,58.5,1582414796682
129.0,58.0,1582414796747
128.0,58.0,1582414796812
129.0,59.0,1582414796877
128.5,59.0,1582414796941
128.5,59.0,1582414797002
128.5,59.0,1582414797063
128.5,59.0,1582414797129
129.0,59.0,1582414797197
129.0,59.0,1582414797264
128.5,59.0,1582414797324
129.0,59.0,1582414797384
129.5,60.0,1582414797443
129.5,60.5,1582414797506
131.0,61.0,1582414797567
129.5,61.5,1582414797632
130.0,62.0,1582414797697
130.0,61.5,1582414797770
130.0,61.0,1582414797837
130.5,61.5,1582414797903
131.0,61.5,1582414797970
131.0,60.5,1582414798042
130.0,59.5,1582414798108
130.0,60.0,1582414798183
129.5,59.5,1582414798257
129.5,58.5,1582414798338
130.5,58.0,1582414798404
129.5,57.5,1582414798464
129.5,57.5,1582414798529
129.0,58.0,1582414798607
128.0,57.5,1582414798669
129.0,58.5,1582414798731
129.0,58.0,1582414798795
129.5,58.5,1582414798860
129.0,58.0,1582414798926
129.0,59.0,1582414798987
128.0,58.0,1582414799053
127.5,58.5,1582414799122
128.0,58.0,1582414799186
129.0,58.5,1582414799253
129.0,59.0,1582414799319
128.0,58.0,1582414799382
128.5,58.5,1582414799443
128.0,58.5,1582414799502
129.0,58.5,1582414799564
129.0,59.0,1582414799627
129.0,58.5,1582414799689
129.0,58.5,1582414799752
128.5,58.5,1582414799819
128.5,58.5,1582414799883
128.5,58.5,1582414799947
128.0,58.0,1582414800013
129.0,59.0,1582414800077
128.5,58.5,1582414800141
128.5,58.5,1582414800207
128.5,58.5,1582414800272
129.0,59.0,1582414800337
129.0,59.0,1582414800404
129.0,58.5,1582414800466
128.0,58.0,1582414800527
128.0,58.5,1582414800589
128.5,58.5,1582414800651
128.5,58.5,1582414800714
127.5,58.0,1582414800784
127.5,57.5,1582414800849
129.0,58.5,1582414800916
129.0,58.0,1582414800976
128.5,58.0,1582414801039
129.0,57.5,1582414801103
128.0,58.0,1582414801169
128.5,58.0,1582414801235
128.0,57.0,1582414801296
127.5,57.5,1582414801360
127.0,57.0,1582414801426
128.0,57.5,1582414801486
128.5,57.0,1582414801555
128.0,58.0,1582414801628
128.0,59.5,1582414801696
130.5,61.5,1582414801760
130.5,61.5,1582414801823
129.5,61.0,1582414801891
128.0,60.0,1582414801956
128.5,60.0,1582414802020
127.5,59.0,1582414802084
127.0,58.5,1582414802148
127.5,58.5,1582414802213
128.0,59.0,1582414802282
127.0,58.5,1582414802353
127.5,58.5,1582414802428
127.5,58.5,1582414802489
127.0,58.0,1582414802556
127.0,57.5,1582414802639
127.0,57.5,1582414802704
127.0,57.5,1582414802777
127.0,58.0,1582414802849
126.5,57.5,1582414802916
126.5,57.5,1582414802989
127.0,57.5,1582414803055
127.5,57.0,1582414803125
127.5,57.0,1582414803200
127.5,57.0,1582414803273
127.0,56.0,1582414803346
127.5,56.5,1582414803416
127.5,56.5,1582414803487
127.0,56.0,1582414803558
127.5,56.0,1582414803639
127.0,55.5,1582414803708
127.5,56.5,1582414803787
127.5,57.0,1582414803873
128.0,57.0,1582414803939
127.5,56.5,1582414804004
127.5,57.0,1582414804065
127.0,56.5,1582414804131
127.5,57.5,1582414804201
127.5,58.0,1582414804286
126.0,57.0,1582414804364
127.0,56.5,1582414804435
127.0,56.5,1582414804499
126.5,57.5,1582414804584
126.0,57.5,1582414804673
127.0,57.5,1582414804767
127.5,57.5,1582414804850
127.5,58.0,1582414804945
127.0,58.0,1582414805009
127.0,58.5,1582414805080
127.5,58.5,1582414805152
127.5,58.5,1582414805233
127.0,59.0,1582414805312
127.0,60.0,1582414805406
127.0,60.0,1582414805478
128.0,61.0,1582414805566
128.5,61.5,1582414805649
127.5,62.0,1582414805732
129.0,62.0,1582414805827
129.0,61.0,1582414805907
127.5,60.5,1582414805974
127.5,59.5,1582414806040
127.5,59.5,1582414806110
127.0,59.0,1582414806183
127.0,59.0,1582414806251
127.5,59.0,1582414806318
127.0,58.5,1582414806391
127.0,58.5,1582414806452
127.0,58.5,1582414806516
127.0,58.0,1582414806589
126.5,58.0,1582414806662
126.5,58.0,1582414806724
126.5,58.0,1582414806789
126.5,58.0,1582414806856
125.5,57.5,1582414806930
126.0,58.0,1582414807004
125.0,57.5,1582414807074
126.0,58.0,1582414807143
126.5,58.0,1582414807206
126.5,58.0,1582414807277
126.0,57.5,1582414807344
126.0,58.0,1582414807412
126.5,58.0,1582414807472
127.0,58.5,1582414807539
127.0,58.5,1582414807606
126.5,58.0,1582414807687
125.5,57.0,1582414807753
124.5,57.5,1582414807833
124.0,57.5,1582414807916
124.0,57.0,1582414807986
124.5,57.0,1582414808063
124.5,56.0,1582414808135
124.0,56.5,1582414808224
124.5,57.0,1582414808300
124.0,57.0,1582414808397
124.0,57.0,1582414808460
124.5,57.5,1582414808524
125.0,57.5,1582414808586
124.5,57.0,1582414808675
125.0,58.0,1582414808757
125.0,57.5,1582414808847
124.5,57.0,1582414808935
124.5,57.5,1582414809025
125.5,58.5,1582414809111
126.0,57.5,1582414809195
126.5,58.0,1582414809284
125.5,57.5,1582414809376
125.0,57.5,1582414809442
125.5,58.5,1582414809522
125.5,58.5,1582414809586
125.5,58.5,1582414809666
125.5,58.5,1582414809740
126.0,58.5,1582414809835
127.0,59.0,1582414809937
127.5,59.5,1582414810018
127.0,58.5,1582414810114
126.5,58.5,1582414810192
125.5,58.5,1582414810270
126.0,59.0,1582414810364
126.5,59.5,1582414810443
126.5,59.0,1582414810504
126.5,59.5,1582414810569
126.5,59.5,1582414810656
126.5,59.5,1582414810723
127.0,59.0,1582414810799
126.0,59.0,1582414810860
126.5,59.0,1582414810921
127.0,60.0,1582414810981
127.5,61.5,1582414811042
128.0,61.5,1582414811105
128.0,62.0,1582414811165
128.0,62.0,1582414811229
127.5,62.0,1582414811304
127.0,62.0,1582414811377
126.5,61.5,1582414811437
127.5,61.5,1582414811499
128.0,62.0,1582414811558
128.0,61.5,1582414811623
127.5,60.5,1582414811689
127.0,60.5,1582414811757
126.0,59.0,1582414811825
126.0,59.0,1582414811892
126.0,58.5,1582414811962
125.0,58.0,1582414812033
125.5,57.5,1582414812103
126.0,57.5,1582414812181
126.0,57.5,1582414812251
126.0,57.5,1582414812325
125.5,57.0,1582414812410
126.0,57.5,1582414812472
125.5,57.0,1582414812537
126.0,57.5,1582414812621
126.0,57.5,1582414812695
126.0,57.5,1582414812776
127.0,58.0,1582414812854
126.0,57.0,1582414812928
125.5,57.0,1582414812994
126.0,57.5,1582414813073
126.0,57.0,1582414813150
126.0,57.0,1582414813210
126.5,56.5,1582414813276
127.0,56.5,1582414813345
126.5,57.5,1582414813420
127.5,58.0,1582414813482
127.5,58.0,1582414813541
126.5,58.0,1582414813604
127.0,58.0,1582414813680
126.5,57.5,1582414813749
127.0,58.0,1582414813818
127.5,57.5,1582414813889
128.5,57.5,1582414813959
128.0,56.5,1582414814020
127.5,57.0,1582414814082
127.0,58.0,1582414814147
125.5,57.0,1582414814208
126.0,57.5,1582414814274
126.5,57.5,1582414814335
126.5,57.5,1582414814402
127.0,57.5,1582414814461
127.0,58.0,1582414814527
127.0,57.5,1582414814604
127.5,58.5,1582414814674
127.0,58.0,1582414814744
127.0,59.0,1582414814821
127.5,59.0,1582414814896
127.0,58.5,1582414814977
127.0,59.0,1582414815056
127.5,58.5,1582414815134
127.5,59.5,1582414815200
127.5,60.0,1582414815265
126.5,59.5,1582414815338
126.0,59.5,1582414815408
126.0,59.5,1582414815470
126.0,59.0,1582414815534
126.5,59.5,1582414815604
126.0,58.5,1582414815670
125.5,58.5,1582414815729
125.5,58.5,1582414815791
125.0,58.5,1582414815854
125.0,58.5,1582414815915
125.0,58.5,1582414815977
125.0,58.5,1582414816037
126.0,59.0,1582414816100
125.5,59.5,1582414816164
126.0,58.5,1582414816229
125.5,59.0,1582414816294
125.0,59.0,1582414816360
125.5,59.0,1582414816424
125.5,59.0,1582414816484
125.5,59.0,1582414816549
124.5,59.0,1582414816616
124.0,59.0,1582414816676
124.5,58.5,1582414816737
124.0,59.0,1582414816800
124.0,59.0,1582414816865
125.0,61.0,1582414816937
126.0,62.0,1582414817001
127.0,62.5,1582414817069
126.5,62.5,1582414817140
127.5,62.5,1582414817200
127.5,62.0,1582414817260
128.0,63.0,1582414817321
128.5,62.0,1582414817384
128.0,62.5,1582414817445
127.0,61.5,1582414817507
126.0,60.5,1582414817574
126.0,59.0,1582414817655
125.5,58.5,1582414817723
126.0,58.5,1582414817789
125.5,57.0,1582414817867
125.5,57.5,1582414817934
125.5,57.5,1582414818009
125.0,57.0,1582414818078
125.0,56.5,1582414818156
124.0,56.0,1582414818239
124.0,55.5,1582414818317
124.5,55.5,1582414818394
124.5,55.0,1582414818467
125.0,55.0,1582414818540
125.0,55.0,1582414818600
125.0,55.0,1582414818665
125.5,55.5,1582414818726
125.0,55.5,1582414818790
126.0,55.5,1582414818864
125.5,55.0,1582414818933
126.5,55.5,1582414819003
126.0,55.0,1582414819074
125.5,55.0,1582414819135
126.5,55.5,1582414819204
126.5,56.0,1582414819282
126.5,55.5,1582414819349
126.5,55.5,1582414819421
126.5,56.0,1582414819484
127.0,55.0,1582414819546
128.0,56.0,1582414819608
127.0,55.0,1582414819676
127.5,55.5,1582414819750
127.5,56.0,1582414819817
127.0,56.0,1582414819882
127.0,56.0,1582414819953
128.0,57.0,1582414820018
128.0,56.0,1582414820088
128.0,56.0,1582414820157
128.0,55.5,1582414820218
128.5,56.0,1582414820279
127.5,56.0,1582414820341
127.5,55.5,1582414820410
127.5,55.5,1582414820471
127.5,56.0,1582414820539
127.0,56.0,1582414820605
127.5,56.0,1582414820672
126.0,55.5,1582414820743
126.5,56.0,1582414820813
127.5,56.0,1582414820890
127.0,55.5,1582414820960
126.5,55.5,1582414821030
127.5,55.5,1582414821100
126.5,55.5,1582414821173
126.0,56.0,1582414821250
127.0,58.0,1582414821323
127.0,58.0,1582414821390
127.0,58.5,1582414821451
127.5,57.5,1582414821514
128.5,58.0,1582414821589
127.0,56.0,1582414821659
126.5,56.0,1582414821731
126.5,56.0,1582414821792
127.0,55.5,1582414821857
128.0,56.0,1582414821937
127.0,54.5,1582414822005
127.0,55.0,1582414822078
127.0,54.0,1582414822160
127.5,53.0,1582414822221
129.0,54.0,1582414822282
128.5,54.0,1582414822342
128.5,54.5,1582414822403
128.5,54.5,1582414822464
130.0,55.0,1582414822524
129.5,54.5,1582414822589
128.5,55.0,1582414822657
129.0,55.0,1582414822718
128.5,55.5,1582414822780
128.0,55.5,1582414822844
127.5,55.5,1582414822905
127.5,55.0,1582414822969
128.0,55.0,1582414823031
128.5,55.5,1582414823097
129.0,56.5,1582414823174
128.5,56.0,1582414823240
127.5,55.5,1582414823307
128.0,56.0,1582414823371
128.0,56.0,1582414823432
128.0,56.0,1582414823494
129.0,56.0,1582414823556
128.0,56.0,1582414823619
127.5,55.5,1582414823683
128.0,56.0,1582414823748
128.5,57.0,1582414823815
129.0,58.5,1582414823884
129.5,59.0,1582414823948
128.5,59.0,1582414824010
127.5,58.5,1582414824074
126.5,57.5,1582414824141
127.5,57.5,1582414824210
127.5,57.0,1582414824275
127.0,56.5,1582414824340
127.0,56.0,1582414824413
126.5,56.5,1582414824474
127.5,57.0,1582414824535
127.5,56.5,1582414824599
127.0,56.5,1582414824664
127.0,56.0,1582414824743
127.0,56.0,1582414824808
127.0,56.0,1582414824883
128.0,56.0,1582414824959
129.0,58.0,1582414825024
128.5,59.0,1582414825091
128.0,59.0,1582414825155
129.0,59.0,1582414825216
128.5,58.5,1582414825281
128.0,57.5,1582414825346
128.5,58.0,1582414825409
128.5,59.0,1582414825469
129.5,58.5,1582414825530
130.0,58.0,1582414825593
129.5,58.5,1582414825663
128.0,57.0,1582414825728
128.5,57.0,1582414825795
129.0,57.5,1582414825863
127.5,57.0,1582414825926
126.5,55.5,1582414825989
127.5,56.0,1582414826053
127.0,56.5,1582414826119
128.5,56.5,1582414826184
128.0,56.0,1582414826248
127.0,56.0,1582414826316
127.0,55.5,1582414826394
127.0,56.0,1582414826457
127.0,56.0,1582414826525
127.0,55.5,1582414826593
126.5,55.5,1582414826664
127.5,56.0,1582414826740
127.0,56.0,1582414826811
127.5,55.5,1582414826893
128.5,56.5,1582414826964
128.0,56.0,1582414827035
128.5,56.5,1582414827107
128.0,56.5,1582414827168
127.5,57.0,1582414827228
127.5,56.5,1582414827289
127.5,56.0,1582414827354
127.5,56.0,1582414827420
129.0,58.5,1582414827480
129.5,59.0,1582414827546
129.5,58.5,1582414827611
129.0,58.5,1582414827678
128.5,57.5,1582414827738
128.0,57.5,1582414827803
128.0,57.0,1582414827870
128.0,56.5,1582414827935
127.0,56.0,1582414828004
128.0,56.5,1582414828071
128.0,56.5,1582414828139
128.0,56.5,1582414828213
128.0,56.5,1582414828287
128.0,56.5,1582414828349
127.5,56.5,1582414828412
127.5,56.0,1582414828476
128.0,55.5,1582414828545
128.5,55.5,1582414828616
127.5,55.0,1582414828685
128.5,55.0,1582414828761
128.5,55.5,1582414828828
128.0,55.0,1582414828902
127.5,55.0,1582414828966
127.5,55.5,1582414829030
128.0,55.5,1582414829106
128.0,55.0,1582414829167
128.0,55.0,1582414829228
128.0,55.5,1582414829290
128.0,56.0,1582414829354
127.5,55.5,1582414829416
127.5,55.0,1582414829477
127.0,55.5,1582414829539
126.5,55.0,1582414829610
127.0,55.5,1582414829683
127.5,55.0,1582414829756
128.0,55.5,1582414829826
129.0,56.0,1582414829903
129.5,56.0,1582414829971
130.5,57.5,1582414830039
130.0,57.5,1582414830106
129.0,57.0,1582414830170
128.0,56.0,1582414830241
127.5,56.5,1582414830312
127.5,55.5,1582414830379
127.0,55.0,1582414830440
127.0,55.0,1582414830502
127.0,54.5,1582414830564
127.5,55.0,1582414830629
127.5,54.5,1582414830713
127.0,54.0,1582414830779
127.5,54.5,1582414830845
127.0,54.5,1582414830921
127.5,55.5,1582414830992
126.5,54.5,1582414831061
126.5,54.5,1582414831138
127.0,55.0,1582414831214
127.0,54.5,1582414831297
127.0,55.0,1582414831370
127.0,55.0,1582414831443
127.0,55.5,1582414831503
127.0,54.5,1582414831565
126.5,54.5,1582414831627
126.5,55.0,1582414831696
126.5,55.0,1582414831773
126.5,54.5,1582414831847
126.0,54.0,1582414831921
126.0,54.0,1582414831982
126.0,54.0,1582414832044
126.5,54.0,1582414832110
126.0,53.5,1582414832186
126.0,54.0,1582414832256
126.0,54.0,1582414832324
126.5,54.5,1582414832404
126.0,54.0,1582414832466
126.5,55.0,1582414832537
127.5,55.0,1582414832602
128.0,55.5,1582414832673
127.0,54.5,1582414832739
126.5,54.5,1582414832807
127.0,54.5,1582414832883
127.0,55.5,1582414832950
127.0,55.0,1582414833032
128.0,55.0,1582414833093
128.0,55.0,1582414833158
128.0,54.0,1582414833233
126.5,54.0,1582414833315
126.0,54.0,1582414833402
126.5,54.5,1582414833464
126.5,55.0,1582414833523
127.0,55.0,1582414833586
127.5,55.0,1582414833653
128.0,55.5,1582414833728
127.5,55.5,1582414833794
128.0,55.5,1582414833859
127.5,55.5,1582414833935
127.5,55.5,1582414834004
128.0,55.5,1582414834079
127.5,55.5,1582414834155
128.0,55.5,1582414834226
127.5,55.0,1582414834313
127.5,55.5,1582414834405
127.0,55.5,1582414834467
128.0,56.5,1582414834552
127.5,56.5,1582414834627
129.0,58.0,1582414834699
128.0,57.0,1582414834772
127.5,56.5,1582414834839
127.0,56.5,1582414834907
126.0,56.0,1582414834972
126.5,55.5,1582414835039
126.5,55.5,1582414835104
127.0,55.5,1582414835179
127.0,55.5,1582414835246
126.5,55.5,1582414835314
127.0,55.0,1582414835385
126.5,55.0,1582414835455
126.0,55.5,1582414835537
126.5,55.0,1582414835604
127.5,54.5,1582414835672
127.0,54.5,1582414835741
127.0,54.0,1582414835810
127.0,54.5,1582414835878
125.5,53.5,1582414835940
125.0,53.5,1582414836002
125.5,53.5,1582414836063
126.5,53.0,1582414836125
127.0,53.0,1582414836187
126.5,53.0,1582414836247
126.5,53.5,1582414836306
126.5,53.0,1582414836368
126.0,52.5,1582414836430
126.0,53.0,1582414836491
125.5,53.0,1582414836552
126.0,53.0,1582414836614
126.0,53.5,1582414836675
126.0,53.5,1582414836737
126.5,53.0,1582414836803
126.5,54.0,1582414836872
125.5,53.0,1582414836938
125.5,53.5,1582414837001
126.0,54.0,1582414837064
126.5,54.0,1582414837126
126.5,54.5,1582414837186
126.5,54.5,1582414837249
126.5,54.5,1582414837311
127.0,55.0,1582414837372
126.0,54.0,1582414837433
126.5,54.5,1582414837494
127.0,55.0,1582414837554
125.5,53.5,1582414837615
125.0,54.0,1582414837677
125.5,55.0,1582414837739
126.0,54.5,1582414837803
126.0,54.0,1582414837869
127.0,54.5,1582414837933
127.5,54.5,1582414837997
128.0,55.0,1582414838060
127.5,55.0,1582414838121
127.5,55.0,1582414838182
127.0,54.5,1582414838244
126.5,54.5,1582414838307
127.0,55.0,1582414838369
127.5,54.5,1582414838431
127.5,55.0,1582414838494
128.0,55.5,1582414838557
127.5,55.5,1582414838624
127.0,56.0,1582414838694
128.0,57.0,1582414838757
129.5,57.5,1582414838825
129.5,58.0,1582414838895
130.0,57.0,1582414838960
129.0,56.5,1582414839024
128.5,57.0,1582414839088
128.0,56.5,1582414839153
127.5,56.0,1582414839214
127.5,55.0,1582414839277
127.5,55.5,1582414839340
128.0,55.5,1582414839411
128.0,55.0,1582414839493
128.5,55.0,1582414839555
128.0,55.5,1582414839615
128.0,55.5,1582414839682
127.5,55.5,1582414839743
127.5,55.5,1582414839806
127.0,54.5,1582414839868
128.0,55.0,1582414839934
129.0,54.5,1582414840001
129.5,55.0,1582414840063
128.5,55.0,1582414840125
128.5,55.5,1582414840188
128.0,55.0,1582414840250
128.5,55.5,1582414840320
129.0,55.5,1582414840381
129.0,55.5,1582414840442
130.0,57.0,1582414840506
129.5,56.0,1582414840570
129.5,55.5,1582414840632
129.5,55.5,1582414840699
129.0,56.0,1582414840764
128.5,55.5,1582414840831
129.0,56.5,1582414840895
129.0,56.0,1582414840962
128.5,55.0,1582414841029
129.0,55.5,1582414841089
129.0,56.0,1582414841150
129.0,56.0,1582414841212
129.5,56.0,1582414841274
129.0,55.5,1582414841337
129.0,55.5,1582414841405
128.5,56.0,1582414841466
127.5,55.0,1582414841531
127.5,55.0,1582414841596
129.0,55.5,1582414841660
129.5,56.0,1582414841724
129.0,55.5,1582414841788
129.0,56.0,1582414841854
129.5,56.0,1582414841919
129.0,55.5,1582414841985
129.0,55.5,1582414842045
129.0,56.0,1582414842106
128.5,55.5,1582414842169
129.0,56.0,1582414842229
129.0,56.0,1582414842292
128.5,55.5,1582414842358
128.5,55.0,1582414842423
129.0,55.0,1582414842485
129.0,55.5,1582414842549
129.0,55.0,1582414842612
129.0,55.5,1582414842674
129.0,55.0,1582414842738
129.5,55.5,1582414842802
129.5,56.0,1582414842873
129.0,55.0,1582414842946
129.5,55.5,1582414843015
129.0,55.5,1582414843079
128.5,55.5,1582414843149
129.0,56.0,1582414843216
128.0,55.0,1582414843286
129.0,55.5,1582414843355
129.0,55.5,1582414843418
129.0,55.0,1582414843479
129.0,54.5,1582414843543
129.0,55.0,1582414843607
129.5,54.0,1582414843671
129.0,54.5,1582414843732
128.0,54.5,1582414843797
128.0,55.0,1582414843862
127.5,54.5,1582414843923
128.5,54.5,1582414843984
129.0,55.0,1582414844047
129.0,54.5,1582414844110
129.0,55.0,1582414844172
128.0,54.0,1582414844237
128.5,54.5,1582414844302
128.0,55.0,1582414844366
128.5,55.0,1582414844426
128.0,54.5,1582414844488
129.0,55.0,1582414844551
129.5,55.0,1582414844617
129.0,55.5,1582414844684
130.0,57.5,1582414844749
130.0,57.5,1582414844814
129.5,57.0,1582414844877
129.5,57.5,1582414844944
128.5,56.0,1582414845022
128.5,55.0,1582414845085
129.0,56.0,1582414845146
128.0,54.5,1582414845210
128.0,56.0,1582414845275
128.5,55.0,1582414845341
127.5,54.5,1582414845404
127.0,54.5,1582414845465
127.5,54.0,1582414845524
126.0,54.0,1582414845587
126.0,54.0,1582414845653
127.0,54.5,1582414845730
127.5,54.5,1582414845800
127.0,54.0,1582414845882
127.5,55.0,1582414845947
127.5,54.5,1582414846014
126.5,55.0,1582414846091
126.0,54.5,1582414846163
126.0,54.5,1582414846241
126.5,55.0,1582414846314
126.5,54.5,1582414846390
127.0,54.0,1582414846452
126.5,55.0,1582414846521
126.5,54.0,1582414846581
126.5,54.5,1582414846647
126.5,55.0,1582414846721
126.0,54.0,1582414846783
127.0,55.5,1582414846843
127.0,55.0,1582414846906
126.5,55.0,1582414846970
125.5,54.5,1582414847045
126.0,55.0,1582414847107
125.5,55.0,1582414847169
126.5,54.5,1582414847235
127.0,55.5,1582414847296
127.0,55.5,1582414847357
127.5,55.5,1582414847419
126.0,55.5,1582414847482
126.5,55.5,1582414847547
125.5,54.5,1582414847621
126.5,55.0,1582414847690
126.0,55.0,1582414847762
125.5,55.0,1582414847828
127.0,55.5,1582414847891
127.0,55.5,1582414847961
127.0,55.0,1582414848029
127.0,55.5,1582414848089
127.0,55.0,1582414848151
127.5,55.0,1582414848213
127.0,55.0,1582414848277
127.0,55.0,1582414848349
126.5,55.5,1582414848417
127.0,55.0,1582414848478
127.0,55.5,1582414848544
127.0,55.5,1582414848620
126.5,55.0,1582414848682
126.5,55.0,1582414848742
127.5,55.0,1582414848803
127.0,54.5,1582414848869
128.0,56.0,1582414848937
127.0,56.5,1582414849006
128.0,57.5,1582414849074
127.5,58.0,1582414849141
127.5,57.5,1582414849206
127.0,57.0,1582414849273
128.5,58.5,1582414849337
127.5,58.0,1582414849411
128.0,57.5,1582414849472
128.5,58.0,1582414849542
128.5,57.5,1582414849611
127.5,57.0,1582414849677
127.5,57.0,1582414849746
127.5,56.0,1582414849821
127.0,55.5,1582414849893
127.0,55.5,1582414849961
126.0,54.5,1582414850035
128.0,55.0,1582414850105
128.0,54.5,1582414850174
127.5,54.5,1582414850240
127.5,54.0,1582414850306
127.0,54.0,1582414850367
127.0,54.5,1582414850428
126.5,54.5,1582414850491
126.0,53.5,1582414850558
126.5,54.5,1582414850625
127.0,54.5,1582414850687
127.0,53.5,1582414850762
128.0,54.0,1582414850823
127.5,53.5,1582414850888
126.5,54.5,1582414850952
126.0,54.0,1582414851025
126.0,54.5,1582414851090
126.0,54.0,1582414851156
127.0,54.0,1582414851220
127.0,54.0,1582414851281
127.0,54.0,1582414851346
127.5,54.5,1582414851414
126.5,55.0,1582414851480
127.0,54.0,1582414851556
126.5,54.0,1582414851626
126.0,54.0,1582414851694
127.5,54.5,1582414851756
127.5,54.5,1582414851822
127.5,54.5,1582414851884
127.0,54.0,1582414851944
127.5,54.5,1582414852005
127.0,54.0,1582414852067
127.0,54.0,1582414852133
127.0,54.0,1582414852196
128.0,54.5,1582414852271
127.0,54.0,1582414852344
127.0,54.5,1582414852416
127.0,53.5,1582414852476
127.5,54.0,1582414852542
127.0,54.0,1582414852613
127.5,53.5,1582414852681
127.5,54.5,1582414852760
127.5,54.0,1582414852830
127.5,53.5,1582414852910
127.5,54.0,1582414852990
127.5,53.5,1582414853078
128.0,54.0,1582414853171
127.5,54.0,1582414853268
127.5,54.0,1582414853365
128.0,54.0,1582414853440
127.5,54.0,1582414853501
128.5,53.5,1582414853562
128.0,53.5,1582414853628
127.5,53.5,1582414853703
127.5,53.5,1582414853786
127.5,53.5,1582414853848
127.5,53.5,1582414853919
127.5,53.5,1582414854012
128.0,53.5,1582414854108
128.0,53.5,1582414854170
128.0,53.5,1582414854232
128.0,53.0,1582414854305
128.0,53.5,1582414854394
128.0,53.5,1582414854456
127.0,53.0,1582414854524
128.0,53.0,1582414854608
128.5,53.5,1582414854677
128.5,53.5,1582414854744
128.0,53.0,1582414854814
128.5,54.0,1582414854889
129.0,55.0,1582414854956
130.0,56.0,1582414855019
130.5,56.0,1582414855088
130.0,55.0,1582414855158
128.5,54.5,1582414855229
127.5,54.0,1582414855306
127.0,53.5,1582414855376
128.0,53.5,1582414855449
129.0,53.5,1582414855523
128.5,53.0,1582414855586
128.0,53.0,1582414855653
127.5,53.5,1582414855727
127.0,53.0,1582414855796
128.0,54.0,1582414855858
127.5,52.5,1582414855927
127.5,52.5,1582414855999
127.5,52.5,1582414856075
127.5,53.0,1582414856143
127.5,52.0,1582414856216
128.0,53.0,1582414856303
128.0,52.5,1582414856378
127.0,51.5,1582414856442
128.0,52.5,1582414856504
128.0,53.0,1582414856573
127.5,52.5,1582414856650
127.5,52.0,1582414856728
127.5,52.0,1582414856801
128.5,53.5,1582414856873
128.0,53.5,1582414856942
128.0,53.0,1582414857015
127.5,52.5,1582414857083
127.0,53.0,1582414857164
127.5,53.0,1582414857227
128.0,53.5,1582414857303
128.0,53.0,1582414857380
127.0,52.5,1582414857442
128.0,53.0,1582414857503
127.5,53.0,1582414857567
128.0,53.0,1582414857632
127.5,53.0,1582414857707
127.5,53.0,1582414857777
127.5,53.0,1582414857847
127.5,53.5,1582414857928
128.0,54.0,1582414857992
128.5,54.5,1582414858056
128.0,54.0,1582414858132
128.0,53.5,1582414858193
128.5,53.0,1582414858256
128.0,53.5,1582414858332
126.5,53.0,1582414858405
126.5,53.0,1582414858466
126.0,53.0,1582414858533
126.5,53.5,1582414858602
